-0.0002	-0.0002
0.0002	-0.0001
0.0156	0.0008
0.0013	0.0089
-0.0002	-0.0002
0.0001	-0.0003
0.0157	0.0005
-0.0156	-0.0011
0.0013	0.0086
-0.0012	-0.0092
0.0155	0.0006
-0.0158	-0.001
0.0011	0.0087
-0.0014	-0.0091
0.00002292	0.0002
0.0004	0.00003981
0.0147	0.0005
0.0013	0.0089
0.00002292	0.0002
0.0005	0.0003
0.0152	0.0008
-0.0142	-0.0003
0.0017	0.0092
-0.0008	-0.0087
0.0147	0.0008
-0.0147	-0.0003
0.0013	0.0091
-0.0012	-0.0087
-0.0001	0.0005
0.0001	-0.0004
0.0149	0.0018
0.001	0.0093
-0.0001	0.0005
0.00003547	0.0001
0.015	0.0018
-0.0149	-0.0017
0.001	0.0093
-0.001	-0.0092
0.0149	0.0023
-0.015	-0.0013
0.0009	0.0098
-0.0011	-0.0088
0.00002253	-0.0002
-0.0001	-0.0001
0.0159	0.0009
0.0011	0.0108
0.00002253	-0.0002
-0.00002808	-0.0003
0.0159	0.0006
-0.016	-0.0012
0.001	0.0106
-0.0011	-0.0111
0.016	0.0007
-0.0159	-0.0011
0.0011	0.0106
-0.0011	-0.011
-0.0008	-0.00004289
-0.0002	-0.00002591
0.0471	0.0006
0.0053	0.0101
-0.0008	-0.00004289
-0.001	-0.0001
0.0461	0.0005
-0.0481	-0.0006
0.0043	0.0101
-0.0063	-0.0102
0.0463	0.0005
-0.0479	-0.0006
0.0045	0.0101
-0.0061	-0.0102
0.0004	0.0003
0.0003	0.000007806
0.0151	0.0008
0.0012	0.0108
0.0004	0.0003
0.0007	0.0003
0.0159	0.0011
-0.0144	-0.0005
0.002	0.0111
-0.0005	-0.0105
0.0155	0.0011
-0.0148	-0.0005
0.0016	0.0111
-0.0009	-0.0105
0.0002	0.0005
0.0004	0.0004
0.0142	0.0019
0.0011	0.0093
0.0002	0.0005
0.0005	0.0009
0.0147	0.0028
-0.0136	-0.001
0.0016	0.0102
-0.0005	-0.0084
0.0143	0.0024
-0.014	-0.0014
0.0012	0.0099
-0.0009	-0.0088
-0.0008	-0.0001
-0.0002	-0.00002279
0.0393	0.0004
0.0044	0.0085
-0.0008	-0.0001
-0.001	-0.0001
0.0383	0.0003
-0.0403	-0.0005
0.0034	0.0084
-0.0054	-0.0086
0.0385	0.0003
-0.0401	-0.0004
0.0036	0.0084
-0.0052	-0.0086
-0.0007	0.0007
-0.0002	-0.0001
0.0417	0.0017
0.0044	0.0089
-0.0007	0.0007
-0.0009	0.0006
0.0408	0.0023
-0.0427	-0.0011
0.0035	0.0095
-0.0054	-0.0083
0.041	0.0024
-0.0425	-0.0009
0.0037	0.0096
-0.0052	-0.0082
-0.0007	0.0004
-0.0002	-0.0001
0.0402	0.0066
0.0043	0.0344
-0.0007	0.0004
-0.0009	0.0003
0.0392	0.007
-0.0411	-0.0063
0.0034	0.0347
-0.0053	-0.034
0.0394	0.0071
-0.0409	-0.0062
0.0036	0.0348
-0.0051	-0.0339
0.00003705	0.0003
0.0004	0.0002
0.0142	0.0157
0.0012	0.0563
0.00003705	0.0003
0.0005	0.0005
0.0146	0.0161
-0.0137	-0.0152
0.0016	0.0568
-0.0007	-0.0558
0.0142	0.0159
-0.0141	-0.0154
0.0012	0.0566
-0.0011	-0.056
0.0001	0.0005
0.0004	0.0003
0.014	0.0086
0.0011	0.0534
0.0001	0.0005
0.0004	0.0008
0.0144	0.0093
-0.0136	-0.0078
0.0015	0.0542
-0.0007	-0.0527
0.0141	0.009
-0.0139	-0.0081
0.0012	0.0539
-0.001	-0.053
-0.0001	0.0008
-0.0003	0.00004024
0.0032	0.0058
0.0003	0.019
-0.0001	0.0008
-0.0004	0.0008
0.0028	0.0066
-0.0036	-0.0049
-0.0001	0.0198
-0.0007	-0.0181
0.0031	0.0066
-0.0034	-0.005
0.0002	0.0198
-0.0004	-0.0182
-0.0001	0.0006
-0.0001	-0.0001
0.0033	0.0036
0.0003	0.0195
-0.0001	0.0006
-0.0002	0.0006
0.0031	0.0042
-0.0035	-0.003
0.00004759	0.0201
-0.0005	-0.0189
0.0032	0.0042
-0.0034	-0.0029
0.0001	0.0202
-0.0004	-0.0189
-0.0000127	0.0009
-0.0001	0.0001
0.0124	0.0137
0.001	0.0471
-0.0000127	0.0009
-0.0001	0.001
0.0123	0.0147
-0.0125	-0.0127
0.001	0.0481
-0.0011	-0.0461
0.0124	0.0146
-0.0124	-0.0128
0.001	0.048
-0.001	-0.0462
0.0001	0.0008
0.0002	0.0001
0.0123	0.0077
0.001	0.0455
0.0001	0.0008
0.0003	0.0009
0.0126	0.0086
-0.012	-0.0068
0.0013	0.0464
-0.0007	-0.0447
0.0124	0.0085
-0.0123	-0.0069
0.001	0.0463
-0.0009	-0.0447
0.0002	0.0005
0.0004	0.0004
0.0139	0.032
0.001	0.0998
0.0002	0.0005
0.0007	0.0008
0.0146	0.0328
-0.0133	-0.0312
0.0017	0.1006
-0.0004	-0.099
0.0142	0.0325
-0.0137	-0.0315
0.0013	0.1003
-0.0008	-0.0993
0.0003	0.0003
0.0004	0.0004
0.0141	0.0392
0.0011	0.2105
0.0003	0.0003
0.0007	0.0007
0.0148	0.0399
-0.0133	-0.0386
0.0018	0.2112
-0.0003	-0.2098
0.0144	0.0395
-0.0138	-0.0389
0.0014	0.2108
-0.0008	-0.2102
0.0004	0.0002
0.0004	0.0002
0.0145	0.0332
0.0011	0.149
0.0004	0.0002
0.0007	0.0005
0.0153	0.0336
-0.0138	-0.0327
0.0019	0.1494
-0.0004	-0.1485
0.0149	0.0334
-0.0142	-0.0329
0.0015	0.1492
-0.0008	-0.1487
0.0004	0.0003
0.0003	0.0001
0.0149	0.0157
0.0012	0.0408
0.0004	0.0003
0.0007	0.0004
0.0156	0.016
-0.0142	-0.0153
0.0019	0.0412
-0.0005	-0.0405
0.0153	0.0159
-0.0145	-0.0154
0.0016	0.0411
-0.0008	-0.0406
0.0002	0.0005
0.0002	-0.0001
0.0034	0.0116
0.0002	0.0398
0.0002	0.0005
0.0004	0.0004
0.0037	0.012
-0.003	-0.0111
0.0006	0.0402
0.0001	-0.0393
0.0035	0.0121
-0.0032	-0.0111
0.0004	0.0403
-0.0001	-0.0392
-0.000006307	0.0005
0.0002	0.000007127
0.0037	0.0147
0.0003	0.0796
-0.000006307	0.0005
0.0002	0.0005
0.0038	0.0152
-0.0035	-0.0142
0.0005	0.0801
-0.0001	-0.0791
0.0037	0.0152
-0.0037	-0.0142
0.0003	0.0801
-0.0003	-0.0791
0.0002	0.0007
0.0002	0.0001
0.0123	0.0272
0.0009	0.0835
0.0002	0.0007
0.0005	0.0007
0.0128	0.0279
-0.0118	-0.0264
0.0014	0.0842
-0.0004	-0.0828
0.0126	0.0278
-0.0121	-0.0265
0.0011	0.0842
-0.0007	-0.0828
0.0002	0.0006
0.0002	0.0002
0.0125	0.0334
0.0009	0.18
0.0002	0.0006
0.0004	0.0007
0.013	0.0342
-0.0121	-0.0327
0.0014	0.1808
-0.0005	-0.1793
0.0127	0.034
-0.0123	-0.0329
0.0011	0.1806
-0.0008	-0.1795
0.0005	0.0007
0.0011	0.0002
0.0126	0.029
0.001	0.1292
0.0005	0.0007
0.0016	0.001
0.0142	0.0299
-0.011	-0.028
0.0026	0.1302
0.0006	-0.1283
0.0131	0.0297
-0.0121	-0.0283
0.0015	0.13
-0.0004	-0.1285
0.0005	0.001
0.0013	0.0002
0.0143	0.0143
0.0012	0.0322
0.0005	0.001
0.0018	0.0012
0.0161	0.0154
-0.0126	-0.0131
0.003	0.0333
0.0006	-0.031
0.0148	0.0152
-0.0138	-0.0133
0.0017	0.0331
-0.0007	-0.0312
-0.0001	0.0001
0.0002	-0.0002
0.0151	0.0168
0.0012	0.0627
-0.0001	0.0001
0.00003814	-0.0001
0.0151	0.0167
-0.015	-0.0168
0.0012	0.0626
-0.0011	-0.0627
0.0149	0.0169
-0.0152	-0.0166
0.001	0.0628
-0.0013	-0.0625
-0.0001	0.0004
0.0001	-0.0004
0.0148	0.0142
0.0011	0.0634
-0.0001	0.0004
-0.00002002	0.00003787
0.0148	0.0142
-0.0148	-0.0141
0.001	0.0634
-0.0011	-0.0634
0.0147	0.0146
-0.0149	-0.0138
0.0009	0.0638
-0.0012	-0.063
-0.00001533	0.0004
0.0001	-0.0004
0.0146	0.0439
0.001	0.1289
-0.00001533	0.0004
0.0001	-0.000007876
0.0147	0.0439
-0.0145	-0.0439
0.0011	0.1289
-0.0009	-0.1289
0.0146	0.0443
-0.0146	-0.0435
0.001	0.1293
-0.001	-0.1285
0.000005246	0.0003
0.0001	-0.0004
0.0146	0.0633
0.001	0.2457
0.000005246	0.0003
0.0001	-0.0001
0.0147	0.0632
-0.0145	-0.0634
0.0011	0.2456
-0.0009	-0.2459
0.0146	0.0636
-0.0146	-0.063
0.001	0.246
-0.001	-0.2455
0.00003381	-0.0001
-0.0000109	-0.0003
0.0151	0.0406
0.001	0.2304
0.00003381	-0.0001
0.00002291	-0.0004
0.0152	0.0402
-0.0151	-0.041
0.001	0.23
-0.001	-0.2307
0.0152	0.0405
-0.0151	-0.0407
0.001	0.2303
-0.001	-0.2304
0.00002613	-0.0002
-0.0001	-0.0001
0.0157	0.0185
0.0011	0.0545
0.00002613	-0.0002
-0.00002539	-0.0004
0.0157	0.0182
-0.0157	-0.0189
0.001	0.0542
-0.0011	-0.0549
0.0157	0.0183
-0.0157	-0.0188
0.0011	0.0543
-0.001	-0.0548
-0.0001	-0.0004
-0.0001	0.00003566
0.0039	0.0062
0.0003	0.0252
-0.0001	-0.0004
-0.0002	-0.0004
0.0037	0.0058
-0.004	-0.0066
0.0001	0.0248
-0.0004	-0.0256
0.0038	0.0058
-0.0039	-0.0066
0.0002	0.0248
-0.0003	-0.0256
-0.0002	-0.0006
-0.0003	-0.0001
0.0035	0.0068
0.0003	0.0233
-0.0002	-0.0006
-0.0005	-0.0007
0.003	0.0061
-0.004	-0.0075
-0.0002	0.0226
-0.0008	-0.024
0.0033	0.0062
-0.0036	-0.0075
0.0001	0.0227
-0.0004	-0.024
-0.0001	-0.0001
0.0001	-0.0001
0.0133	0.0131
0.0009	0.0555
-0.0001	-0.0001
0.000006001	-0.0002
0.0133	0.013
-0.0133	-0.0133
0.0009	0.0554
-0.0009	-0.0557
0.0132	0.0131
-0.0133	-0.0132
0.0009	0.0554
-0.001	-0.0556
-0.0002	-0.0005
-0.0003	-0.0001
0.0131	0.0151
0.001	0.0536
-0.0002	-0.0005
-0.0004	-0.0007
0.0127	0.0145
-0.0136	-0.0158
0.0006	0.0529
-0.0014	-0.0542
0.013	0.0146
-0.0133	-0.0157
0.0008	0.053
-0.0012	-0.0541
0.0001	-0.0006
0.0002	-0.0001
0.0038	0.0152
0.0003	0.0837
0.0001	-0.0006
0.0003	-0.0007
0.0041	0.0145
-0.0035	-0.016
0.0006	0.083
0.0001	-0.0845
0.0039	0.0146
-0.0037	-0.0158
0.0004	0.0831
-0.0001	-0.0843
-0.00001859	-0.0006
0.0004	-0.0003
0.0131	0.0348
0.0009	0.196
-0.00001859	-0.0006
0.0004	-0.0009
0.0135	0.0339
-0.0127	-0.0356
0.0013	0.1951
-0.0005	-0.1968
0.0131	0.0342
-0.0131	-0.0354
0.0009	0.1954
-0.0009	-0.1966
-0.0003	-0.00003329
-0.0003	-0.0002
0.0129	0.0547
0.0008	0.2132
-0.0003	-0.00003329
-0.0006	-0.0002
0.0123	0.0544
-0.0135	-0.0549
0.0002	0.2129
-0.0015	-0.2134
0.0126	0.0546
-0.0132	-0.0547
0.0006	0.2131
-0.0011	-0.2132
0.00004074	0.0001
0.00002971	-0.0001
0.0131	0.0376
0.0009	0.1066
0.00004074	0.0001
0.0001	0.00001745
0.0131	0.0376
-0.013	-0.0376
0.0009	0.1067
-0.0008	-0.1066
0.0131	0.0377
-0.013	-0.0375
0.0009	0.1068
-0.0008	-0.1065
0.0004	-0.0008
0.0003	-0.0001
0.003	0.0088
0.0002	0.0203
0.0004	-0.0008
0.0008	-0.0009
0.0038	0.0079
-0.0023	-0.0096
0.001	0.0194
0.0006	-0.0212
0.0035	0.008
-0.0026	-0.0095
0.0007	0.0195
0.0002	-0.0211
0.0004	-0.001
0.0008	-0.0002
0.014	0.0176
0.001	0.0434
0.0004	-0.001
0.0012	-0.0012
0.0152	0.0164
-0.0128	-0.0188
0.0022	0.0421
0.0002	-0.0446
0.0144	0.0166
-0.0136	-0.0186
0.0014	0.0423
-0.0006	-0.0444
0.0061	-0.0001
-0.0002	-0.00001118
0.033	0.0003
0.0088	0.0051
0.0061	-0.0001
0.0059	-0.0001
0.0389	0.0002
-0.027	-0.0004
0.0147	0.005
-0.0029	-0.0052
0.0391	0.0002
-0.0269	-0.0004
0.0149	0.005
-0.0027	-0.0052
0.001	-0.001
0.0008	-0.0001
0.0063	0.0003
0.0006	0.005
0.001	-0.001
0.0018	-0.0011
0.0081	-0.0008
-0.0046	-0.0014
0.0023	0.0039
0.0012	-0.0062
0.0073	-0.0007
-0.0053	-0.0013
0.0016	0.004
0.0004	-0.006
-0.0007	-0.001
-0.0006	-0.0001
0.0064	0.0004
0.0006	0.0042
-0.0007	-0.001
-0.0013	-0.0011
0.005	-0.0007
-0.0077	-0.0015
-0.0007	0.0031
-0.0019	-0.0053
0.0057	-0.0006
-0.0071	-0.0014
-0.0001	0.0032
-0.0013	-0.0052
-0.0006	-4.795E-07
-0.0001	0.000002191
0.018	0.0003
0.002	0.0043
-0.0006	-4.795E-07
-0.0006	0.000001711
0.0174	0.0003
-0.0187	-0.0002
0.0014	0.0043
-0.0027	-0.0043
0.0175	0.0003
-0.0186	-0.0003
0.0015	0.0043
-0.0026	-0.0043
-0.0008	-0.0002
0.0001	-0.0001
0.1173	0.0006
0.0528	0.0083
-0.0008	-0.0002
-0.0007	-0.0002
0.1166	0.0003
-0.118	-0.0008
0.0521	0.0081
-0.0535	-0.0086
0.1165	0.0004
-0.118	-0.0008
0.052	0.0081
-0.0535	-0.0085
-0.00004891	0.0002
0.0003	0.00003561
0.0812	0.0004
0.0324	0.0084
-0.00004891	0.0002
0.0002	0.0002
0.0815	0.0006
-0.081	-0.0002
0.0326	0.0086
-0.0322	-0.0081
0.0812	0.0006
-0.0813	-0.0002
0.0324	0.0085
-0.0325	-0.0082
-0.0009	-0.0001
-0.0003	-0.00004727
0.149	0.0007
0.0914	0.0101
-0.0009	-0.0001
-0.0011	-0.0002
0.1479	0.0005
-0.1501	-0.0009
0.0902	0.0099
-0.0925	-0.0103
0.1481	0.0006
-0.1499	-0.0009
0.0905	0.0099
-0.0922	-0.0102
0.0004	0.0002
0.0001	0.000009289
0.0982	0.0006
0.0412	0.01
0.0004	0.0002
0.0005	0.0002
0.0987	0.0008
-0.0977	-0.0004
0.0417	0.0103
-0.0407	-0.0098
0.0986	0.0008
-0.0978	-0.0004
0.0416	0.0103
-0.0408	-0.0098
-0.000005746	0.0006
-0.00003883	-0.0003
0.1059	0.0016
0.0672	0.0087
-0.000005746	0.0006
-0.00004457	0.0003
0.1059	0.0019
-0.106	-0.0013
0.0672	0.009
-0.0672	-0.0084
0.1059	0.0022
-0.1059	-0.001
0.0672	0.0093
-0.0672	-0.0081
0.0001	0.0005
0.0002	0.0003
0.0726	0.0017
0.0283	0.0088
0.0001	0.0005
0.0003	0.0007
0.0729	0.0024
-0.0722	-0.001
0.0286	0.0095
-0.028	-0.008
0.0727	0.0022
-0.0724	-0.0012
0.0284	0.0092
-0.0282	-0.0083
-0.0008	0.0001
-0.0002	-0.00003737
0.0392	0.0171
0.0043	0.0381
-0.0008	0.0001
-0.001	0.00003169
0.0382	0.0171
-0.0402	-0.017
0.0033	0.0381
-0.0053	-0.0381
0.0384	0.0171
-0.04	-0.017
0.0035	0.0382
-0.0051	-0.038
0.0028	-0.0004
0.0002	-0.00003448
0.072	0.0002
0.0493	0.005
0.0028	-0.0004
0.003	-0.0004
0.075	-0.0002
-0.069	-0.0006
0.0523	0.0046
-0.0463	-0.0054
0.0748	-0.0002
-0.0692	-0.0006
0.0521	0.0046
-0.0465	-0.0054
0.0006	0.0004
0.0005	0.00003827
0.0466	0.0004
0.0233	0.0049
0.0006	0.0004
0.0011	0.0004
0.0477	0.0008
-0.0456	0.00003419
0.0244	0.0053
-0.0223	-0.0045
0.0472	0.0007
-0.046	-0.000004078
0.0239	0.0053
-0.0227	-0.0046
0.0007	0.001
0.0014	0.0001
0.0094	0.0003
0.0009	0.005
0.0007	0.001
0.0022	0.0011
0.0116	0.0014
-0.0073	0.0008
0.0031	0.0061
0.0012	-0.0039
0.0102	0.0013
-0.0087	0.0007
0.0017	0.006
-0.0002	-0.004
-0.0014	-0.0002
-0.00001237	0.0001
0.0535	0.0007
0.0362	0.0042
-0.0014	-0.0002
-0.0014	-0.00002817
0.0521	0.0007
-0.0549	-0.0007
0.0348	0.0042
-0.0376	-0.0042
0.0521	0.0005
-0.0548	-0.0009
0.0348	0.004
-0.0376	-0.0044
0.0002	-0.0004
0.0002	-0.000003344
0.0068	0.0008
0.0005	0.0043
0.0002	-0.0004
0.0003	-0.0004
0.0071	0.0004
-0.0065	-0.0011
0.0008	0.004
-0.0001	-0.0047
0.0069	0.0004
-0.0066	-0.0011
0.0006	0.004
-0.0003	-0.0047
-0.0043	0.0006
-0.0001	-0.0001
0.0353	0.0008
0.0038	0.0044
-0.0043	0.0006
-0.0045	0.0006
0.0308	0.0013
-0.0398	-0.0002
-0.0007	0.005
-0.0083	-0.0038
0.031	0.0014
-0.0396	-0.0002
-0.0005	0.005
-0.0081	-0.0038
0.00001321	0.0003
0.0001	-0.0002
0.0332	0.0008
0.0146	0.0044
0.00001321	0.0003
0.0001	0.0002
0.0333	0.001
-0.0331	-0.0007
0.0147	0.0046
-0.0145	-0.0042
0.0332	0.0012
-0.0332	-0.0005
0.0146	0.0047
-0.0146	-0.004
0.0001	0.0007
0.0001	-0.00001674
0.0057	0.0009
0.0004	0.0045
0.0001	0.0007
0.0002	0.0007
0.0059	0.0016
-0.0055	-0.0002
0.0006	0.0052
-0.0003	-0.0038
0.0058	0.0016
-0.0056	-0.0002
0.0005	0.0052
-0.0004	-0.0037
-0.0005	-0.0003
-0.0003	-0.00002486
0.0537	0.0005
0.0245	0.0042
-0.0005	-0.0003
-0.0007	-0.0003
0.0529	0.0003
-0.0544	-0.0008
0.0237	0.0039
-0.0252	-0.0045
0.0532	0.0003
-0.0542	-0.0008
0.024	0.0039
-0.0249	-0.0044
-0.0002	0.0003
-0.0001	0.00002384
0.0361	0.0003
0.0145	0.0042
-0.0002	0.0003
-0.0003	0.0003
0.0357	0.0006
-0.0364	0.000001115
0.0142	0.0045
-0.0148	-0.0039
0.0359	0.0006
-0.0362	-0.00002272
0.0143	0.0045
-0.0146	-0.0039
-0.0006	0.001
-0.0005	0.0001
0.006	0.0002
0.0006	0.0042
-0.0006	0.001
-0.0011	0.0011
0.0048	0.0013
-0.0071	0.0008
-0.0006	0.0053
-0.0017	-0.0031
0.0054	0.0012
-0.0066	0.0007
-0.00003589	0.0052
-0.0012	-0.0032
-0.0005	0.0007
-0.0005	0.0001
0.0041	0.0002
0.0004	0.0031
-0.0005	0.0007
-0.001	0.0008
0.0031	0.001
-0.0051	0.0006
-0.0006	0.0039
-0.0014	-0.0023
0.0035	0.0009
-0.0046	0.0006
-0.0001	0.0038
-0.0009	-0.0023
0.0006	0.0008
0.001	0.0001
0.0061	0.0003
0.0007	0.0036
0.0006	0.0008
0.0016	0.0008
0.0078	0.0011
-0.0045	0.0006
0.0023	0.0045
0.0009	-0.0028
0.0067	0.001
-0.0056	0.0005
0.0012	0.0044
-0.0001	-0.0029
0.0006	0.001
0.0013	0.0001
0.0144	0.0006
0.0012	0.0087
0.0006	0.001
0.0019	0.0011
0.0163	0.0017
-0.0126	0.0005
0.0031	0.0098
0.0007	-0.0076
0.015	0.0016
-0.0138	0.0003
0.0018	0.0097
-0.0006	-0.0077
-0.0004	0.001
-0.0002	0.0001
0.0116	0.0003
0.001	0.0073
-0.0004	0.001
-0.0006	0.0011
0.011	0.0014
-0.0122	0.0007
0.0004	0.0083
-0.0016	-0.0062
0.0112	0.0013
-0.012	0.0006
0.0006	0.0082
-0.0013	-0.0063
0.0006	0.0007
0.0007	0.0001
0.0049	0.0151
0.0004	0.0721
0.0006	0.0007
0.0014	0.0008
0.0063	0.0159
-0.0036	-0.0142
0.0017	0.0729
0.001	-0.0713
0.0056	0.0157
-0.0043	-0.0144
0.001	0.0728
0.0003	-0.0714
0.00004311	0.0005
0.0001	-0.0001
0.0039	0.0006
0.0003	0.0033
0.00004311	0.0005
0.0001	0.0005
0.004	0.0011
-0.0038	-0.0002
0.0004	0.0038
-0.0002	-0.0028
0.0039	0.0012
-0.0038	-0.0001
0.0003	0.0038
-0.0002	-0.0028
0.0001	0.0007
0.0003	0.0001
0.0115	0.0015
0.0009	0.0076
0.0001	0.0007
0.0004	0.0008
0.0119	0.0023
-0.0111	-0.0008
0.0013	0.0084
-0.0005	-0.0068
0.0116	0.0023
-0.0113	-0.0008
0.001	0.0084
-0.0007	-0.0069
0.0004	0.0008
0.001	0.0001
0.0061	0.0081
0.0008	0.0102
0.0004	0.0008
0.0014	0.0009
0.0075	0.009
-0.0047	-0.0071
0.0022	0.0111
0.0006	-0.0092
0.0065	0.0089
-0.0057	-0.0073
0.0011	0.011
-0.0004	-0.0094
-0.0002	-0.00004313
-0.0000431	-0.0000351
0.018	0.0095
0.002	0.0158
-0.0002	-0.00004313
-0.0003	-0.0001
0.0178	0.0095
-0.0183	-0.0096
0.0017	0.0157
-0.0023	-0.0159
0.0178	0.0095
-0.0182	-0.0096
0.0018	0.0158
-0.0022	-0.0159
0.0001	0.00002513
-0.0001	-0.0001
0.0189	0.0062
0.0021	0.0259
0.0001	0.00002513
-0.000001409	-0.00004791
0.0189	0.0061
-0.0189	-0.0062
0.0021	0.0259
-0.0021	-0.026
0.019	0.0062
-0.0189	-0.0061
0.0022	0.026
-0.0021	-0.0259
-0.0006	-0.0007
-0.0006	-0.0001
0.0043	0.0003
0.0004	0.0031
-0.0006	-0.0007
-0.0011	-0.0008
0.0032	-0.0005
-0.0055	-0.0011
-0.0007	0.0023
-0.0015	-0.0039
0.0038	-0.0005
-0.0049	-0.001
-0.0002	0.0023
-0.001	-0.0038
0.0006	-0.0008
0.0004	-0.0001
0.0033	0.0002
0.0003	0.0037
0.0006	-0.0008
0.001	-0.0008
0.0044	-0.0006
-0.0023	-0.001
0.0013	0.0029
0.0007	-0.0045
0.0039	-0.0006
-0.0027	-0.001
0.0009	0.0029
0.0003	-0.0045
-0.0005	-0.001
-0.0004	-0.0002
0.0123	0.0005
0.001	0.0072
-0.0005	-0.001
-0.0009	-0.0012
0.0114	-0.0006
-0.0132	-0.0017
0.00002708	0.0061
-0.0019	-0.0084
0.0118	-0.0005
-0.0128	-0.0015
0.0005	0.0062
-0.0015	-0.0083
0.0005	-0.001
0.0008	-0.0001
0.0138	0.0006
0.001	0.0087
0.0005	-0.001
0.0013	-0.0011
0.0151	-0.0005
-0.0125	-0.0017
0.0023	0.0076
0.0004	-0.0098
0.0144	-0.0004
-0.0133	-0.0016
0.0015	0.0078
-0.0004	-0.0097
0.0001	-0.0003
0.0001	0.00004208
0.0048	0.0006
0.0003	0.0031
0.0001	-0.0003
0.0002	-0.0003
0.005	0.0003
-0.0045	-0.0009
0.0005	0.0029
-0.0001	-0.0034
0.0049	0.0002
-0.0046	-0.0009
0.0004	0.0028
-0.0002	-0.0035
0.0001	0.0001
0.0001	-0.0001
0.0125	0.0014
0.0008	0.0075
0.0001	0.0001
0.0002	0.00002337
0.0128	0.0015
-0.0123	-0.0014
0.0011	0.0075
-0.0006	-0.0075
0.0126	0.0016
-0.0125	-0.0013
0.0009	0.0076
-0.0008	-0.0074
0.0004	-0.0002
0.0004	0.0001
0.005	0.017
0.0004	0.0409
0.0004	-0.0002
0.0008	-0.0001
0.0058	0.0169
-0.0043	-0.0171
0.0011	0.0408
0.0004	-0.041
0.0054	0.0168
-0.0046	-0.0172
0.0008	0.0407
0.00002307	-0.0411
-0.0006	-0.0003
-0.0004	-0.00002602
0.005	0.0282
0.0004	0.1157
-0.0006	-0.0003
-0.001	-0.0003
0.004	0.0279
-0.006	-0.0285
-0.0006	0.1155
-0.0013	-0.116
0.0044	0.0279
-0.0056	-0.0285
-0.0002	0.1155
-0.001	-0.116
-0.0001	0.0001
-0.0001	0.000009703
0.0169	0.0003
0.0012	0.0085
-0.0001	0.0001
-0.0002	0.0001
0.0167	0.0004
-0.017	-0.0002
0.0011	0.0086
-0.0014	-0.0084
0.0168	0.0004
-0.017	-0.0002
0.0011	0.0086
-0.0013	-0.0084
-0.0000467	0.0001
-0.0001	-0.000005605
0.0164	0.0103
0.0012	0.0488
-0.0000467	0.0001
-0.0001	0.0001
0.0163	0.0104
-0.0165	-0.0101
0.0011	0.049
-0.0013	-0.0487
0.0164	0.0104
-0.0165	-0.0101
0.0011	0.049
-0.0012	-0.0487
0.0001	0.0002
0.00002101	0.000004298
0.0078	0.0057
0.0006	0.0208
0.0001	0.0002
0.0001	0.0002
0.0079	0.0059
-0.0077	-0.0054
0.0007	0.021
-0.0005	-0.0206
0.0079	0.0059
-0.0078	-0.0055
0.0006	0.021
-0.0005	-0.0206
-0.0004	3.084E-07
0.000002417	-0.000006845
0.0077	0.0005
0.0006	0.0043
-0.0004	3.084E-07
-0.0004	-0.000006536
0.0074	0.0005
-0.0081	-0.0005
0.0002	0.0043
-0.0009	-0.0043
0.0074	0.0005
-0.0081	-0.0005
0.0002	0.0043
-0.0009	-0.0043
0.00001283	0.0004
-0.00004508	0.0001
0.0164	0.0075
0.0012	0.0497
0.00001283	0.0004
-0.00003225	0.0005
0.0164	0.008
-0.0164	-0.007
0.0011	0.0502
-0.0012	-0.0492
0.0164	0.0079
-0.0164	-0.0071
0.0012	0.0502
-0.0012	-0.0493
0.0004	0.0006
0.00001391	0.00004135
0.0082	0.0051
0.0006	0.0366
0.0004	0.0006
0.0005	0.0006
0.0086	0.0057
-0.0077	-0.0045
0.001	0.0372
-0.0001	-0.036
0.0086	0.0057
-0.0077	-0.0046
0.001	0.0372
-0.0002	-0.0361
0.00003523	0.0005
-0.00003529	0.0001
0.0166	0.0017
0.0012	0.009
0.00003523	0.0005
-5.537E-08	0.0006
0.0166	0.0022
-0.0166	-0.0011
0.0012	0.0096
-0.0012	-0.0084
0.0166	0.0022
-0.0165	-0.0012
0.0012	0.0095
-0.0011	-0.0085
0.0001	0.0002
-0.00002773	0.00002371
0.0168	0.0185
0.0013	0.1462
0.0001	0.0002
0.0001	0.0002
0.0169	0.0187
-0.0167	-0.0182
0.0014	0.1465
-0.0012	-0.146
0.0169	0.0187
-0.0167	-0.0183
0.0014	0.1464
-0.0011	-0.146
-0.0001	0.0003
-0.00003212	0.00002306
0.0078	0.0101
0.0006	0.0759
-0.0001	0.0003
-0.0001	0.0003
0.0077	0.0104
-0.0078	-0.0098
0.0005	0.0762
-0.0007	-0.0756
0.0077	0.0104
-0.0078	-0.0098
0.0005	0.0762
-0.0006	-0.0756
-0.0004	-0.0001
-0.00001845	0.00003222
0.008	0.0009
0.0006	0.0046
-0.0004	-0.0001
-0.0004	-0.0001
0.0076	0.0008
-0.0085	-0.001
0.0001	0.0045
-0.001	-0.0046
0.0076	0.0008
-0.0085	-0.0011
0.0002	0.0044
-0.001	-0.0047
0.0002	0.0002
-0.00002584	0.00002479
0.0177	0.0196
0.0014	0.2322
0.0002	0.0002
0.0002	0.0002
0.0179	0.0198
-0.0175	-0.0194
0.0016	0.2324
-0.0012	-0.232
0.0179	0.0198
-0.0175	-0.0195
0.0016	0.2323
-0.0012	-0.232
0.0004	0.0004
-0.00003248	0.00002345
0.008	0.0128
0.0006	0.1495
0.0004	0.0004
0.0004	0.0004
0.0084	0.0132
-0.0077	-0.0124
0.001	0.1499
-0.0002	-0.149
0.0084	0.0132
-0.0076	-0.0124
0.001	0.1499
-0.0002	-0.1491
0.0002	0.0001
-0.00002607	-0.000005029
0.0197	0.0005
0.0017	0.0101
0.0002	0.0001
0.0002	0.0001
0.0199	0.0006
-0.0195	-0.0005
0.0019	0.0102
-0.0015	-0.01
0.0199	0.0006
-0.0195	-0.0004
0.0019	0.0102
-0.0015	-0.01
0.0023	0.0002
-0.0001	-0.00000461
0.0172	0.0003
0.0053	0.0051
0.0023	0.0002
0.0022	0.0001
0.0194	0.0004
-0.015	-0.0002
0.0075	0.0052
-0.003	-0.0049
0.0195	0.0005
-0.015	-0.0001
0.0075	0.0052
-0.003	-0.0049
0.0001	0.0004
0.0004	0.0003
0.0141	0.0117
0.0011	0.0676
0.0001	0.0004
0.0004	0.0006
0.0145	0.0124
-0.0137	-0.0111
0.0016	0.0682
-0.0007	-0.0669
0.0142	0.0121
-0.0141	-0.0114
0.0012	0.0679
-0.0011	-0.0672
0.0002	0.0005
0.0004	0.0004
0.0141	0.0034
0.0011	0.011
0.0002	0.0005
0.0005	0.0009
0.0147	0.0043
-0.0136	-0.0025
0.0016	0.0119
-0.0005	-0.0101
0.0143	0.0039
-0.014	-0.0028
0.0012	0.0116
-0.0009	-0.0105
0.0003	0.0004
0.0004	0.0004
0.014	0.043
0.0011	0.1818
0.0003	0.0004
0.0007	0.0007
0.0147	0.0437
-0.0133	-0.0423
0.0018	0.1825
-0.0004	-0.181
0.0143	0.0434
-0.0138	-0.0426
0.0013	0.1821
-0.0008	-0.1814
0.0004	0.0002
0.0004	0.0003
0.0144	0.0321
0.0011	0.1871
0.0004	0.0002
0.0007	0.0005
0.0152	0.0326
-0.0137	-0.0316
0.0019	0.1876
-0.0004	-0.1866
0.0148	0.0323
-0.0141	-0.0319
0.0015	0.1873
-0.0008	-0.1868
-0.0001	0.0003
0.0001	-0.0003
0.015	0.0129
0.0011	0.0763
-0.0001	0.0003
0.000011	-0.000001634
0.015	0.0129
-0.015	-0.0129
0.0011	0.0763
-0.0011	-0.0763
0.0148	0.0132
-0.0151	-0.0127
0.001	0.0766
-0.0012	-0.076
-0.0001	0.0005
0.0001	-0.0004
0.0149	0.0036
0.001	0.012
-0.0001	0.0005
0.00003924	0.0001
0.015	0.0037
-0.0149	-0.0036
0.001	0.0121
-0.001	-0.012
0.0149	0.0041
-0.015	-0.0032
0.0009	0.0125
-0.0011	-0.0116
0.00000208	0.0003
0.0001	-0.0004
0.0146	0.0628
0.001	0.2321
0.00000208	0.0003
0.0001	-0.0001
0.0147	0.0627
-0.0145	-0.063
0.0011	0.232
-0.0009	-0.2322
0.0146	0.0631
-0.0146	-0.0625
0.001	0.2324
-0.001	-0.2318
0.00003207	-0.0001
-0.00000475	-0.0003
0.0151	0.0416
0.001	0.2407
0.00003207	-0.0001
0.00002732	-0.0004
0.0151	0.0412
-0.0151	-0.042
0.001	0.2403
-0.001	-0.241
0.0151	0.0415
-0.0151	-0.0417
0.001	0.2406
-0.001	-0.2407