-0.0002	-0.0002
0.0002	-0.0001
0.0112	0.0006
0.001	0.0067
-0.0002	-0.0002
0.0001	-0.0003
0.0112	0.0003
-0.0111	-0.0008
0.001	0.0064
-0.0009	-0.007
0.011	0.0003
-0.0113	-0.0008
0.0008	0.0065
-0.0011	-0.0069
0.00002292	0.0002
0.0004	0.00003981
0.0105	0.0004
0.001	0.0067
0.00002292	0.0002
0.0005	0.0003
0.011	0.0006
-0.0101	-0.0001
0.0014	0.007
-0.0005	-0.0065
0.0105	0.0006
-0.0105	-0.0002
0.001	0.0069
-0.0009	-0.0065
-0.0001	0.0005
0.0001	-0.0004
0.0107	0.0013
0.0008	0.007
-0.0001	0.0005
0.00003547	0.0001
0.0107	0.0013
-0.0107	-0.0012
0.0008	0.007
-0.0007	-0.0069
0.0106	0.0018
-0.0108	-0.0008
0.0007	0.0075
-0.0008	-0.0065
0.00002253	-0.0002
-0.0001	-0.0001
0.0114	0.0006
0.0008	0.0082
0.00002253	-0.0002
-0.00002808	-0.0003
0.0114	0.0004
-0.0114	-0.0009
0.0008	0.0079
-0.0008	-0.0084
0.0114	0.0004
-0.0114	-0.0009
0.0008	0.0079
-0.0008	-0.0084
-0.0008	-0.00004289
-0.0002	-0.00002591
0.0337	0.0004
0.004	0.0076
-0.0008	-0.00004289
-0.001	-0.0001
0.0327	0.0003
-0.0347	-0.0005
0.003	0.0076
-0.005	-0.0077
0.0329	0.0004
-0.0345	-0.0005
0.0032	0.0076
-0.0048	-0.0077
0.0004	0.0003
0.0003	0.000007806
0.0108	0.0006
0.0009	0.0081
0.0004	0.0003
0.0007	0.0003
0.0116	0.0009
-0.0101	-0.0003
0.0017	0.0084
-0.0002	-0.0078
0.0112	0.0009
-0.0105	-0.0003
0.0013	0.0084
-0.0005	-0.0078
0.0002	0.0005
0.0004	0.0004
0.0101	0.0014
0.0008	0.007
0.0002	0.0005
0.0005	0.0009
0.0107	0.0023
-0.0096	-0.0005
0.0013	0.0079
-0.0003	-0.0061
0.0103	0.0019
-0.01	-0.0008
0.0009	0.0075
-0.0006	-0.0065
-0.0008	-0.0001
-0.0002	-0.00002279
0.0281	0.0003
0.0033	0.0064
-0.0008	-0.0001
-0.001	-0.0001
0.0271	0.0002
-0.0292	-0.0004
0.0023	0.0063
-0.0043	-0.0065
0.0273	0.0002
-0.029	-0.0003
0.0025	0.0063
-0.0041	-0.0065
-0.0007	0.0007
-0.0002	-0.0001
0.0299	0.0012
0.0033	0.0067
-0.0007	0.0007
-0.0009	0.0006
0.0289	0.0018
-0.0308	-0.0006
0.0024	0.0073
-0.0043	-0.0061
0.0291	0.0019
-0.0306	-0.0005
0.0026	0.0074
-0.0041	-0.006
-0.0007	0.0004
-0.0002	-0.0001
0.0288	0.0048
0.0033	0.0258
-0.0007	0.0004
-0.0009	0.0003
0.0278	0.0051
-0.0297	-0.0044
0.0023	0.0262
-0.0042	-0.0255
0.028	0.0052
-0.0295	-0.0043
0.0025	0.0263
-0.004	-0.0254
0.00003705	0.0003
0.0004	0.0002
0.0101	0.0112
0.0009	0.0423
0.00003705	0.0003
0.0005	0.0005
0.0106	0.0117
-0.0097	-0.0108
0.0013	0.0428
-0.0004	-0.0419
0.0102	0.0115
-0.0101	-0.0109
0.0009	0.0426
-0.0008	-0.0421
0.0001	0.0005
0.0004	0.0003
0.01	0.0061
0.0008	0.0402
0.0001	0.0005
0.0004	0.0008
0.0104	0.0069
-0.0096	-0.0054
0.0012	0.041
-0.0004	-0.0394
0.0101	0.0066
-0.0099	-0.0057
0.0009	0.0406
-0.0007	-0.0397
-0.0001	0.0008
-0.0003	0.00004024
0.0023	0.0041
0.0002	0.0143
-0.0001	0.0008
-0.0004	0.0008
0.0019	0.005
-0.0027	-0.0033
-0.0002	0.0151
-0.0006	-0.0134
0.0022	0.0049
-0.0024	-0.0033
0.0001	0.0151
-0.0004	-0.0135
-0.0001	0.0006
-0.0001	-0.0001
0.0024	0.0026
0.0002	0.0147
-0.0001	0.0006
-0.0002	0.0006
0.0021	0.0031
-0.0026	-0.002
-0.00001906	0.0153
-0.0004	-0.0141
0.0022	0.0032
-0.0025	-0.0019
0.0001	0.0153
-0.0003	-0.014
-0.0000127	0.0009
-0.0001	0.0001
0.0089	0.0098
0.0008	0.0354
-0.0000127	0.0009
-0.0001	0.001
0.0088	0.0108
-0.009	-0.0088
0.0007	0.0364
-0.0008	-0.0344
0.0089	0.0107
-0.0089	-0.0089
0.0008	0.0363
-0.0008	-0.0345
0.0001	0.0008
0.0002	0.0001
0.0088	0.0055
0.0007	0.0342
0.0001	0.0008
0.0003	0.0009
0.0091	0.0064
-0.0085	-0.0047
0.001	0.0351
-0.0004	-0.0334
0.0089	0.0063
-0.0088	-0.0047
0.0008	0.035
-0.0007	-0.0334
0.0002	0.0005
0.0004	0.0004
0.01	0.0229
0.0008	0.0751
0.0002	0.0005
0.0007	0.0008
0.0106	0.0237
-0.0093	-0.0221
0.0015	0.0759
-0.0001	-0.0742
0.0102	0.0234
-0.0097	-0.0224
0.001	0.0755
-0.0006	-0.0746
0.0003	0.0003
0.0004	0.0004
0.0101	0.0281
0.0008	0.1583
0.0003	0.0003
0.0007	0.0007
0.0108	0.0288
-0.0093	-0.0274
0.0015	0.159
-0.0001	-0.1576
0.0104	0.0284
-0.0098	-0.0278
0.0011	0.1586
-0.0005	-0.158
0.0004	0.0002
0.0004	0.0002
0.0104	0.0237
0.0009	0.112
0.0004	0.0002
0.0007	0.0005
0.0111	0.0242
-0.0097	-0.0233
0.0016	0.1125
-0.0001	-0.1115
0.0108	0.024
-0.01	-0.0235
0.0012	0.1122
-0.0005	-0.1118
0.0004	0.0003
0.0003	0.0001
0.0107	0.0112
0.0009	0.0307
0.0004	0.0003
0.0007	0.0004
0.0114	0.0116
-0.0099	-0.0109
0.0016	0.0311
-0.0002	-0.0304
0.0111	0.0115
-0.0103	-0.0109
0.0013	0.031
-0.0005	-0.0304
0.0002	0.0005
0.0002	-0.0001
0.0024	0.0083
0.0002	0.0299
0.0002	0.0005
0.0004	0.0004
0.0028	0.0087
-0.002	-0.0078
0.0006	0.0303
0.0002	-0.0295
0.0026	0.0088
-0.0022	-0.0078
0.0004	0.0304
-0.00001652	-0.0294
-0.000006307	0.0005
0.0002	0.000007127
0.0026	0.0105
0.0002	0.0599
-0.000006307	0.0005
0.0002	0.0005
0.0028	0.0111
-0.0025	-0.01
0.0004	0.0604
-0.00004411	-0.0593
0.0026	0.011
-0.0026	-0.01
0.0002	0.0604
-0.0002	-0.0594
0.0002	0.0007
0.0002	0.0001
0.0088	0.0195
0.0007	0.0628
0.0002	0.0007
0.0005	0.0007
0.0093	0.0202
-0.0083	-0.0187
0.0012	0.0635
-0.0002	-0.0621
0.0091	0.0201
-0.0086	-0.0188
0.0009	0.0635
-0.0005	-0.0621
0.0002	0.0006
0.0002	0.0002
0.009	0.0239
0.0007	0.1354
0.0002	0.0006
0.0004	0.0007
0.0094	0.0247
-0.0085	-0.0232
0.0011	0.1361
-0.0003	-0.1346
0.0092	0.0245
-0.0088	-0.0234
0.0009	0.1359
-0.0005	-0.1348
0.0005	0.0007
0.0011	0.0002
0.009	0.0208
0.0007	0.0972
0.0005	0.0007
0.0016	0.001
0.0106	0.0217
-0.0074	-0.0198
0.0023	0.0981
0.0009	-0.0962
0.0095	0.0215
-0.0085	-0.02
0.0013	0.0979
-0.0002	-0.0965
0.0005	0.001
0.0013	0.0002
0.0103	0.0102
0.0009	0.0242
0.0005	0.001
0.0018	0.0012
0.0121	0.0114
-0.0085	-0.0091
0.0027	0.0254
0.0009	-0.023
0.0108	0.0112
-0.0098	-0.0093
0.0014	0.0252
-0.0004	-0.0232
-0.0001	0.0001
0.0002	-0.0002
0.0108	0.012
0.0009	0.0471
-0.0001	0.0001
0.00003814	-0.0001
0.0108	0.012
-0.0107	-0.0121
0.0009	0.0471
-0.0008	-0.0472
0.0106	0.0122
-0.0109	-0.0119
0.0007	0.0473
-0.001	-0.047
-0.0001	0.0004
0.0001	-0.0004
0.0106	0.0101
0.0008	0.0477
-0.0001	0.0004
-0.00002002	0.00003787
0.0106	0.0102
-0.0106	-0.0101
0.0008	0.0477
-0.0008	-0.0476
0.0105	0.0105
-0.0107	-0.0097
0.0007	0.0481
-0.0009	-0.0473
-0.00001533	0.0004
0.0001	-0.0004
0.0105	0.0314
0.0007	0.0969
-0.00001533	0.0004
0.0001	-0.000007876
0.0106	0.0314
-0.0104	-0.0315
0.0008	0.0969
-0.0006	-0.0969
0.0104	0.0319
-0.0105	-0.031
0.0007	0.0973
-0.0007	-0.0965
0.000005246	0.0003
0.0001	-0.0004
0.0105	0.0453
0.0007	0.1848
0.000005246	0.0003
0.0001	-0.0001
0.0106	0.0452
-0.0104	-0.0455
0.0008	0.1847
-0.0006	-0.1849
0.0105	0.0456
-0.0105	-0.045
0.0007	0.1851
-0.0007	-0.1845
0.00003381	-0.0001
-0.0000109	-0.0003
0.0108	0.0291
0.0008	0.1732
0.00003381	-0.0001
0.00002291	-0.0004
0.0109	0.0287
-0.0108	-0.0294
0.0008	0.1728
-0.0007	-0.1736
0.0109	0.029
-0.0108	-0.0291
0.0008	0.1731
-0.0007	-0.1733
0.00002613	-0.0002
-0.0001	-0.0001
0.0112	0.0133
0.0008	0.041
0.00002613	-0.0002
-0.00002539	-0.0004
0.0112	0.0129
-0.0113	-0.0136
0.0008	0.0406
-0.0008	-0.0414
0.0113	0.013
-0.0112	-0.0135
0.0008	0.0408
-0.0008	-0.0412
-0.0001	-0.0004
-0.0001	0.00003566
0.0028	0.0044
0.0002	0.019
-0.0001	-0.0004
-0.0002	-0.0004
0.0026	0.0041
-0.0029	-0.0048
0.00002291	0.0186
-0.0004	-0.0193
0.0027	0.004
-0.0028	-0.0049
0.0001	0.0186
-0.0003	-0.0194
-0.0002	-0.0006
-0.0003	-0.0001
0.0025	0.0049
0.0002	0.0175
-0.0002	-0.0006
-0.0005	-0.0007
0.002	0.0042
-0.003	-0.0056
-0.0003	0.0168
-0.0007	-0.0182
0.0023	0.0043
-0.0026	-0.0055
0.0001	0.0169
-0.0004	-0.0182
-0.0001	-0.0001
0.0001	-0.0001
0.0095	0.0094
0.0007	0.0417
-0.0001	-0.0001
0.000006001	-0.0002
0.0095	0.0093
-0.0095	-0.0096
0.0007	0.0416
-0.0007	-0.0419
0.0094	0.0094
-0.0096	-0.0095
0.0006	0.0417
-0.0008	-0.0418
-0.0002	-0.0005
-0.0003	-0.0001
0.0094	0.0108
0.0007	0.0403
-0.0002	-0.0005
-0.0004	-0.0007
0.009	0.0102
-0.0098	-0.0115
0.0003	0.0396
-0.0012	-0.0409
0.0093	0.0103
-0.0096	-0.0114
0.0006	0.0397
-0.0009	-0.0408
0.0001	-0.0006
0.0002	-0.0001
0.0027	0.0109
0.0002	0.063
0.0001	-0.0006
0.0003	-0.0007
0.003	0.0102
-0.0024	-0.0116
0.0005	0.0622
0.0001	-0.0637
0.0028	0.0103
-0.0026	-0.0115
0.0003	0.0623
-0.0001	-0.0636
-0.00001859	-0.0006
0.0004	-0.0003
0.0094	0.0249
0.0007	0.1474
-0.00001859	-0.0006
0.0004	-0.0009
0.0098	0.024
-0.009	-0.0258
0.0011	0.1465
-0.0002	-0.1482
0.0094	0.0243
-0.0094	-0.0255
0.0006	0.1468
-0.0007	-0.148
-0.0003	-0.00003329
-0.0003	-0.0002
0.0093	0.0392
0.0006	0.1603
-0.0003	-0.00003329
-0.0006	-0.0002
0.0087	0.0389
-0.0099	-0.0394
0.00003569	0.1601
-0.0012	-0.1605
0.009	0.0391
-0.0096	-0.0392
0.0003	0.1603
-0.0009	-0.1603
0.00004074	0.0001
0.00002971	-0.0001
0.0094	0.0269
0.0007	0.0802
0.00004074	0.0001
0.0001	0.00001745
0.0094	0.0269
-0.0093	-0.0269
0.0007	0.0802
-0.0006	-0.0802
0.0094	0.027
-0.0093	-0.0268
0.0007	0.0803
-0.0006	-0.0801
0.0004	-0.0008
0.0003	-0.0001
0.0022	0.0063
0.0002	0.0153
0.0004	-0.0008
0.0008	-0.0009
0.003	0.0054
-0.0014	-0.0072
0.001	0.0144
0.0006	-0.0161
0.0026	0.0055
-0.0017	-0.007
0.0006	0.0145
0.0003	-0.016
0.0004	-0.001
0.0008	-0.0002
0.01	0.0126
0.0007	0.0326
0.0004	-0.001
0.0012	-0.0012
0.0112	0.0114
-0.0089	-0.0138
0.0019	0.0314
0.0005	-0.0338
0.0104	0.0116
-0.0096	-0.0136
0.0011	0.0316
-0.0003	-0.0336
0.0061	-0.0001
-0.0002	-0.00001118
0.0236	0.0002
0.0066	0.0038
0.0061	-0.0001
0.0059	-0.0001
0.0295	0.0001
-0.0177	-0.0003
0.0126	0.0038
-0.0007	-0.0039
0.0297	0.0001
-0.0175	-0.0003
0.0127	0.0038
-0.0005	-0.0039
0.001	-0.001
0.0008	-0.0001
0.0045	0.0002
0.0004	0.0038
0.001	-0.001
0.0018	-0.0011
0.0063	-0.0009
-0.0028	-0.0013
0.0022	0.0027
0.0013	-0.0049
0.0055	-0.0008
-0.0035	-0.0012
0.0014	0.0028
0.0006	-0.0048
-0.0007	-0.001
-0.0006	-0.0001
0.0046	0.0003
0.0004	0.0031
-0.0007	-0.001
-0.0013	-0.0011
0.0032	-0.0008
-0.0059	-0.0014
-0.0009	0.0021
-0.0018	-0.0042
0.0039	-0.0007
-0.0052	-0.0012
-0.0002	0.0022
-0.0011	-0.0041
-0.0006	-4.795E-07
-0.0001	0.000002191
0.0129	0.0002
0.0015	0.0032
-0.0006	-4.795E-07
-0.0006	0.000001711
0.0123	0.0002
-0.0136	-0.0002
0.0009	0.0032
-0.0022	-0.0032
0.0123	0.0002
-0.0135	-0.0002
0.001	0.0032
-0.0021	-0.0032
-0.0008	-0.0002
0.0001	-0.0001
0.084	0.0004
0.0397	0.0063
-0.0008	-0.0002
-0.0007	-0.0002
0.0833	0.0002
-0.0846	-0.0007
0.039	0.006
-0.0404	-0.0065
0.0832	0.0002
-0.0847	-0.0006
0.0389	0.0061
-0.0405	-0.0064
-0.00004891	0.0002
0.0003	0.00003561
0.0582	0.0003
0.0244	0.0063
-0.00004891	0.0002
0.0002	0.0002
0.0584	0.0005
-0.0579	-0.0001
0.0246	0.0065
-0.0241	-0.0061
0.0581	0.0005
-0.0582	-0.0001
0.0243	0.0065
-0.0244	-0.0061
-0.0009	-0.0001
-0.0003	-0.00004727
0.1067	0.0005
0.0687	0.0076
-0.0009	-0.0001
-0.0011	-0.0002
0.1056	0.0003
-0.1078	-0.0007
0.0676	0.0074
-0.0698	-0.0078
0.1058	0.0004
-0.1076	-0.0007
0.0678	0.0074
-0.0696	-0.0077
0.0004	0.0002
0.0001	0.000009289
0.0703	0.0004
0.031	0.0075
0.0004	0.0002
0.0005	0.0002
0.0708	0.0007
-0.0698	-0.0002
0.0315	0.0078
-0.0305	-0.0073
0.0707	0.0007
-0.0699	-0.0002
0.0314	0.0078
-0.0306	-0.0073
-0.000005746	0.0006
-0.00003883	-0.0003
0.0758	0.0012
0.0505	0.0065
-0.000005746	0.0006
-0.00004457	0.0003
0.0758	0.0015
-0.0759	-0.0008
0.0505	0.0069
-0.0506	-0.0062
0.0758	0.0018
-0.0758	-0.0005
0.0505	0.0072
-0.0505	-0.0059
0.0001	0.0005
0.0002	0.0003
0.0519	0.0012
0.0213	0.0066
0.0001	0.0005
0.0003	0.0007
0.0523	0.002
-0.0516	-0.0005
0.0216	0.0073
-0.021	-0.0059
0.0521	0.0017
-0.0518	-0.0008
0.0214	0.0071
-0.0212	-0.0061
-0.0008	0.0001
-0.0002	-0.00003737
0.0281	0.0122
0.0032	0.0286
-0.0008	0.0001
-0.001	0.00003169
0.0271	0.0123
-0.029	-0.0122
0.0023	0.0287
-0.0042	-0.0286
0.0273	0.0123
-0.0288	-0.0122
0.0025	0.0287
-0.004	-0.0286
0.0028	-0.0004
0.0002	-0.00003448
0.0516	0.0002
0.0371	0.0038
0.0028	-0.0004
0.003	-0.0004
0.0546	-0.0003
-0.0486	-0.0006
0.0401	0.0033
-0.0341	-0.0042
0.0544	-0.0002
-0.0487	-0.0005
0.0399	0.0034
-0.0342	-0.0041
0.0006	0.0004
0.0005	0.00003827
0.0334	0.0003
0.0175	0.0037
0.0006	0.0004
0.0011	0.0004
0.0345	0.0007
-0.0323	0.0001
0.0186	0.0041
-0.0165	-0.0033
0.034	0.0006
-0.0328	0.0001
0.0181	0.0041
-0.0169	-0.0033
0.0007	0.001
0.0014	0.0001
0.0068	0.0002
0.0007	0.0037
0.0007	0.001
0.0022	0.0011
0.0089	0.0013
-0.0046	0.0009
0.0029	0.0048
0.0015	-0.0026
0.0075	0.0012
-0.006	0.0008
0.0014	0.0047
0.00003383	-0.0027
-0.0014	-0.0002
-0.00001237	0.0001
0.0383	0.0005
0.0273	0.0032
-0.0014	-0.0002
-0.0014	-0.00002817
0.0369	0.0005
-0.0397	-0.0005
0.0258	0.0031
-0.0287	-0.0032
0.0369	0.0003
-0.0397	-0.0007
0.0259	0.003
-0.0286	-0.0033
0.0002	-0.0004
0.0002	-0.000003344
0.0048	0.0006
0.0003	0.0032
0.0002	-0.0004
0.0003	-0.0004
0.0052	0.0002
-0.0045	-0.0009
0.0007	0.0029
-0.00002447	-0.0036
0.005	0.0002
-0.0047	-0.0009
0.0005	0.0029
-0.0002	-0.0036
-0.0043	0.0006
-0.0001	-0.0001
0.0253	0.0006
0.0029	0.0033
-0.0043	0.0006
-0.0045	0.0006
0.0208	0.0011
-0.0297	-0.000002646
-0.0016	0.0039
-0.0073	-0.0028
0.0209	0.0012
-0.0296	0.0001
-0.0015	0.0039
-0.0072	-0.0027
0.00001321	0.0003
0.0001	-0.0002
0.0238	0.0006
0.011	0.0033
0.00001321	0.0003
0.0001	0.0002
0.0239	0.0008
-0.0237	-0.0004
0.0111	0.0035
-0.0109	-0.0031
0.0238	0.0009
-0.0238	-0.0003
0.011	0.0036
-0.011	-0.003
0.0001	0.0007
0.0001	-0.00001674
0.0041	0.0006
0.0003	0.0034
0.0001	0.0007
0.0002	0.0007
0.0042	0.0013
-0.0039	0.0001
0.0005	0.0041
-0.0001	-0.0027
0.0041	0.0013
-0.004	0.0001
0.0004	0.0041
-0.0002	-0.0026
-0.0005	-0.0003
-0.0003	-0.00002486
0.0384	0.0004
0.0184	0.0031
-0.0005	-0.0003
-0.0007	-0.0003
0.0377	0.0001
-0.0392	-0.0007
0.0176	0.0029
-0.0191	-0.0034
0.0379	0.0001
-0.0389	-0.0006
0.0179	0.0029
-0.0189	-0.0034
-0.0002	0.0003
-0.0001	0.00002384
0.0258	0.0002
0.0109	0.0031
-0.0002	0.0003
-0.0003	0.0003
0.0255	0.0005
-0.0261	0.0001
0.0106	0.0034
-0.0112	-0.0028
0.0256	0.0005
-0.026	0.0001
0.0107	0.0034
-0.011	-0.0029
-0.0006	0.001
-0.0005	0.0001
0.0043	0.0002
0.0004	0.0032
-0.0006	0.001
-0.0011	0.0011
0.0031	0.0012
-0.0054	0.0009
-0.0007	0.0042
-0.0016	-0.0021
0.0037	0.0011
-0.0049	0.0008
-0.0002	0.0041
-0.0011	-0.0022
-0.0005	0.0007
-0.0005	0.0001
0.0029	0.0001
0.0003	0.0023
-0.0005	0.0007
-0.001	0.0008
0.0019	0.0009
-0.0039	0.0007
-0.0007	0.0031
-0.0013	-0.0015
0.0024	0.0009
-0.0034	0.0006
-0.0002	0.003
-0.0008	-0.0016
0.0006	0.0008
0.001	0.0001
0.0044	0.0002
0.0005	0.0027
0.0006	0.0008
0.0016	0.0008
0.006	0.001
-0.0028	0.0006
0.0021	0.0036
0.0011	-0.0019
0.005	0.0009
-0.0038	0.0006
0.0011	0.0035
0.0001	-0.002
0.0006	0.001
0.0013	0.0001
0.0103	0.0005
0.0009	0.0065
0.0006	0.001
0.0019	0.0011
0.0122	0.0016
-0.0085	0.0007
0.0028	0.0076
0.001	-0.0054
0.0109	0.0014
-0.0097	0.0005
0.0015	0.0075
-0.0003	-0.0055
-0.0004	0.001
-0.0002	0.0001
0.0083	0.0002
0.0007	0.0055
-0.0004	0.001
-0.0006	0.0011
0.0077	0.0013
-0.0089	0.0008
0.0001	0.0065
-0.0013	-0.0044
0.008	0.0012
-0.0087	0.0007
0.0004	0.0064
-0.0011	-0.0045
0.0006	0.0007
0.0007	0.0001
0.0035	0.0108
0.0003	0.0542
0.0006	0.0007
0.0014	0.0008
0.0049	0.0116
-0.0022	-0.01
0.0016	0.055
0.0011	-0.0534
0.0042	0.0115
-0.0029	-0.0101
0.0009	0.0549
0.0003	-0.0535
0.00004311	0.0005
0.0001	-0.0001
0.0028	0.0004
0.0002	0.0025
0.00004311	0.0005
0.0001	0.0005
0.0029	0.0009
-0.0027	0.00002648
0.0003	0.0029
-0.0001	-0.002
0.0028	0.001
-0.0027	0.0001
0.0003	0.003
-0.0002	-0.0019
0.0001	0.0007
0.0003	0.0001
0.0082	0.0011
0.0006	0.0057
0.0001	0.0007
0.0004	0.0008
0.0086	0.0019
-0.0078	-0.0003
0.001	0.0065
-0.0002	-0.0049
0.0083	0.0018
-0.0081	-0.0004
0.0008	0.0065
-0.0005	-0.005
0.0004	0.0008
0.001	0.0001
0.0044	0.0058
0.0006	0.0076
0.0004	0.0008
0.0014	0.0009
0.0058	0.0067
-0.003	-0.0048
0.002	0.0086
0.0008	-0.0067
0.0048	0.0066
-0.004	-0.005
0.001	0.0084
-0.0002	-0.0068
-0.0002	-0.00004313
-0.0000431	-0.0000351
0.0129	0.0068
0.0015	0.0119
-0.0002	-0.00004313
-0.0003	-0.0001
0.0126	0.0067
-0.0132	-0.0069
0.0012	0.0118
-0.0018	-0.012
0.0127	0.0068
-0.0131	-0.0069
0.0013	0.0119
-0.0017	-0.0119
0.0001	0.00002513
-0.0001	-0.0001
0.0136	0.0044
0.0016	0.0195
0.0001	0.00002513
-0.000001409	-0.00004791
0.0136	0.0044
-0.0136	-0.0045
0.0016	0.0195
-0.0016	-0.0196
0.0136	0.0044
-0.0135	-0.0044
0.0016	0.0195
-0.0015	-0.0195
-0.0006	-0.0007
-0.0006	-0.0001
0.0031	0.0002
0.0003	0.0023
-0.0006	-0.0007
-0.0011	-0.0008
0.002	-0.0006
-0.0042	-0.001
-0.0008	0.0015
-0.0014	-0.0031
0.0025	-0.0005
-0.0037	-0.0009
-0.0003	0.0016
-0.0009	-0.003
0.0006	-0.0008
0.0004	-0.0001
0.0024	0.0001
0.0002	0.0028
0.0006	-0.0008
0.001	-0.0008
0.0034	-0.0007
-0.0013	-0.001
0.0013	0.002
0.0008	-0.0036
0.003	-0.0006
-0.0018	-0.0009
0.0008	0.002
0.0004	-0.0036
-0.0005	-0.001
-0.0004	-0.0002
0.0088	0.0004
0.0007	0.0054
-0.0005	-0.001
-0.0009	-0.0012
0.0079	-0.0008
-0.0097	-0.0015
-0.0002	0.0043
-0.0017	-0.0066
0.0083	-0.0006
-0.0093	-0.0014
0.0002	0.0044
-0.0012	-0.0065
0.0005	-0.001
0.0008	-0.0001
0.0099	0.0004
0.0007	0.0066
0.0005	-0.001
0.0013	-0.0011
0.0112	-0.0007
-0.0086	-0.0015
0.002	0.0054
0.0006	-0.0077
0.0104	-0.0005
-0.0093	-0.0014
0.0013	0.0056
-0.0002	-0.0075
0.0001	-0.0003
0.0001	0.00004208
0.0034	0.0004
0.0002	0.0024
0.0001	-0.0003
0.0002	-0.0003
0.0036	0.0001
-0.0032	-0.0007
0.0004	0.0021
-0.00003021	-0.0027
0.0035	0.0001
-0.0033	-0.0007
0.0004	0.002
-0.0001	-0.0027
0.0001	0.0001
0.0001	-0.0001
0.009	0.001
0.0006	0.0057
0.0001	0.0001
0.0002	0.00002337
0.0092	0.001
-0.0088	-0.001
0.0008	0.0057
-0.0004	-0.0056
0.009	0.0011
-0.0089	-0.0009
0.0007	0.0058
-0.0006	-0.0055
0.0004	-0.0002
0.0004	0.0001
0.0036	0.0122
0.0003	0.0308
0.0004	-0.0002
0.0008	-0.0001
0.0044	0.0121
-0.0028	-0.0123
0.001	0.0307
0.0005	-0.0308
0.004	0.012
-0.0032	-0.0124
0.0007	0.0306
0.0001	-0.0309
-0.0006	-0.0003
-0.0004	-0.00002602
0.0036	0.0202
0.0003	0.087
-0.0006	-0.0003
-0.001	-0.0003
0.0026	0.0199
-0.0045	-0.0205
-0.0007	0.0868
-0.0012	-0.0873
0.003	0.0199
-0.0042	-0.0204
-0.0003	0.0868
-0.0009	-0.0873
-0.0001	0.0001
-0.0001	0.000009703
0.0121	0.0002
0.0009	0.0064
-0.0001	0.0001
-0.0002	0.0001
0.0119	0.0003
-0.0122	-0.0001
0.0008	0.0065
-0.0011	-0.0063
0.012	0.0003
-0.0122	-0.0001
0.0008	0.0065
-0.001	-0.0063
-0.0000467	0.0001
-0.0001	-0.000005605
0.0118	0.0073
0.0009	0.0367
-0.0000467	0.0001
-0.0001	0.0001
0.0117	0.0075
-0.0119	-0.0072
0.0008	0.0368
-0.001	-0.0366
0.0117	0.0075
-0.0118	-0.0072
0.0008	0.0369
-0.0009	-0.0366
0.0001	0.0002
0.00002101	0.000004298
0.0056	0.004
0.0004	0.0156
0.0001	0.0002
0.0001	0.0002
0.0057	0.0043
-0.0055	-0.0038
0.0005	0.0158
-0.0004	-0.0154
0.0057	0.0043
-0.0055	-0.0038
0.0005	0.0158
-0.0004	-0.0154
-0.0004	3.084E-07
0.000002417	-0.000006845
0.0055	0.0004
0.0004	0.0032
-0.0004	3.084E-07
-0.0004	-0.000006536
0.0052	0.0004
-0.0059	-0.0004
0.0001	0.0032
-0.0008	-0.0032
0.0052	0.0004
-0.0059	-0.0004
0.0001	0.0032
-0.0008	-0.0032
0.00001283	0.0004
-0.00004508	0.0001
0.0117	0.0054
0.0009	0.0374
0.00001283	0.0004
-0.00003225	0.0005
0.0117	0.0059
-0.0118	-0.0049
0.0008	0.0379
-0.0009	-0.0369
0.0118	0.0058
-0.0117	-0.0049
0.0009	0.0378
-0.0009	-0.037
0.0004	0.0006
0.00001391	0.00004135
0.0059	0.0037
0.0004	0.0275
0.0004	0.0006
0.0005	0.0006
0.0063	0.0043
-0.0054	-0.0031
0.0009	0.0281
0.000005317	-0.0269
0.0063	0.0042
-0.0054	-0.0031
0.0009	0.0281
-0.000008591	-0.027
0.00003523	0.0005
-0.00003529	0.0001
0.0119	0.0012
0.0009	0.0068
0.00003523	0.0005
-5.537E-08	0.0006
0.0119	0.0018
-0.0119	-0.0006
0.0009	0.0073
-0.0009	-0.0062
0.0119	0.0017
-0.0118	-0.0007
0.0009	0.0073
-0.0009	-0.0063
0.0001	0.0002
-0.00002773	0.00002371
0.012	0.0132
0.0009	0.11
0.0001	0.0002
0.0001	0.0002
0.0121	0.0134
-0.0119	-0.013
0.0011	0.1102
-0.0008	-0.1098
0.0122	0.0134
-0.0119	-0.013
0.0011	0.1102
-0.0008	-0.1098
-0.0001	0.0003
-0.00003212	0.00002306
0.0056	0.0072
0.0004	0.0571
-0.0001	0.0003
-0.0001	0.0003
0.0055	0.0075
-0.0056	-0.0069
0.0004	0.0574
-0.0005	-0.0568
0.0055	0.0075
-0.0056	-0.0069
0.0004	0.0574
-0.0005	-0.0568
-0.0004	-0.0001
-0.00001845	0.00003222
0.0058	0.0007
0.0004	0.0034
-0.0004	-0.0001
-0.0004	-0.0001
0.0053	0.0006
-0.0062	-0.0008
-4.098E-07	0.0033
-0.0009	-0.0035
0.0053	0.0005
-0.0062	-0.0008
0.00001804	0.0033
-0.0009	-0.0036
0.0002	0.0002
-0.00002584	0.00002479
0.0127	0.0141
0.0011	0.1746
0.0002	0.0002
0.0002	0.0002
0.0129	0.0143
-0.0125	-0.0139
0.0012	0.1748
-0.0009	-0.1744
0.0129	0.0142
-0.0125	-0.0139
0.0013	0.1748
-0.0008	-0.1744
0.0004	0.0004
-0.00003248	0.00002345
0.0058	0.0092
0.0005	0.1124
0.0004	0.0004
0.0004	0.0004
0.0061	0.0096
-0.0054	-0.0088
0.0008	0.1128
-0.0001	-0.112
0.0062	0.0096
-0.0054	-0.0088
0.0009	0.1128
-0.0001	-0.112
0.0002	0.0001
-0.00002607	-0.000005029
0.0141	0.0004
0.0013	0.0076
0.0002	0.0001
0.0002	0.0001
0.0143	0.0005
-0.0139	-0.0003
0.0015	0.0077
-0.0011	-0.0075
0.0143	0.0005
-0.0139	-0.0003
0.0015	0.0077
-0.0011	-0.0075
0.0023	0.0002
-0.0001	-0.00000461
0.0123	0.0002
0.004	0.0038
0.0023	0.0002
0.0022	0.0001
0.0146	0.0004
-0.0101	-0.0001
0.0062	0.004
-0.0017	-0.0037
0.0146	0.0004
-0.0101	-0.0001
0.0062	0.004
-0.0017	-0.0037
0.0001	0.0004
0.0004	0.0003
0.0101	0.0084
0.0008	0.0508
0.0001	0.0004
0.0004	0.0006
0.0105	0.009
-0.0097	-0.0078
0.0013	0.0514
-0.0004	-0.0502
0.0102	0.0088
-0.01	-0.0081
0.0009	0.0512
-0.0008	-0.0504
0.0002	0.0005
0.0004	0.0004
0.0101	0.0024
0.0008	0.0083
0.0002	0.0005
0.0005	0.0009
0.0107	0.0033
-0.0096	-0.0015
0.0013	0.0092
-0.0003	-0.0074
0.0103	0.0029
-0.01	-0.0019
0.001	0.0088
-0.0006	-0.0078
0.0003	0.0004
0.0004	0.0004
0.01	0.0308
0.0008	0.1367
0.0003	0.0004
0.0007	0.0007
0.0108	0.0315
-0.0093	-0.0301
0.0015	0.1374
-0.0001	-0.136
0.0103	0.0311
-0.0098	-0.0304
0.0011	0.1371
-0.0005	-0.1363
0.0004	0.0002
0.0004	0.0003
0.0103	0.023
0.0008	0.1407
0.0004	0.0002
0.0007	0.0005
0.0111	0.0235
-0.0096	-0.0225
0.0016	0.1412
-0.0001	-0.1402
0.0107	0.0232
-0.01	-0.0227
0.0012	0.1409
-0.0005	-0.1405
-0.0001	0.0003
0.0001	-0.0003
0.0107	0.0093
0.0008	0.0574
-0.0001	0.0003
0.000011	-0.000001634
0.0107	0.0093
-0.0107	-0.0093
0.0008	0.0574
-0.0008	-0.0574
0.0106	0.0096
-0.0108	-0.009
0.0007	0.0577
-0.001	-0.0571
-0.0001	0.0005
0.0001	-0.0004
0.0107	0.0026
0.0008	0.0091
-0.0001	0.0005
0.00003924	0.0001
0.0107	0.0027
-0.0106	-0.0025
0.0008	0.0091
-0.0007	-0.009
0.0106	0.0031
-0.0107	-0.0021
0.0007	0.0095
-0.0008	-0.0086
0.00000208	0.0003
0.0001	-0.0004
0.0105	0.045
0.0007	0.1745
0.00000208	0.0003
0.0001	-0.0001
0.0106	0.0449
-0.0104	-0.0451
0.0008	0.1744
-0.0006	-0.1747
0.0105	0.0453
-0.0105	-0.0447
0.0007	0.1748
-0.0007	-0.1742
0.00003207	-0.0001
-0.00000475	-0.0003
0.0108	0.0298
0.0008	0.181
0.00003207	-0.0001
0.00002732	-0.0004
0.0108	0.0294
-0.0108	-0.0302
0.0008	0.1806
-0.0007	-0.1813
0.0109	0.0297
-0.0108	-0.0298
0.0008	0.1809
-0.0007	-0.181