0.000000	4.279265
0.010010	4.536268
0.020020	4.793200
0.030030	5.049980
0.040040	5.306510
0.050050	5.562677
0.060060	5.818355
0.070070	6.073403
0.080080	6.327666
0.090090	6.580976
0.100100	6.833149
0.110110	7.083991
0.120120	7.333293
0.130130	7.580836
0.140140	7.826388
0.150150	8.069708
0.160160	8.310543
0.170170	8.548632
0.180180	8.783707
0.190190	9.015493
0.200200	9.243709
0.210210	9.468069
0.220220	9.688286
0.230230	9.904068
0.240240	10.115127
0.250250	10.321174
0.260260	10.521924
0.270270	10.717095
0.280280	10.906413
0.290290	11.089612
0.300300	11.266434
0.310310	11.436633
0.320320	11.599974
0.330330	11.756239
0.340340	11.905221
0.350350	12.046733
0.360360	12.180605
0.370370	12.306684
0.380380	12.424838
0.390390	12.534957
0.400400	12.636948
0.410410	12.730744
0.420420	12.816296
0.430430	12.893580
0.440440	12.962591
0.450450	13.023348
0.460460	13.075891
0.470470	13.120280
0.480480	13.156596
0.490490	13.184940
0.500501	13.205431
0.510511	13.218205
0.520521	13.223417
0.530531	13.221236
0.540541	13.211846
0.550551	13.195443
0.560561	13.172235
0.570571	13.142443
0.580581	13.106295
0.590591	13.064026
0.600601	13.015879
0.610611	12.962103
0.620621	12.902949
0.630631	12.838673
0.640641	12.769531
0.650651	12.695781
0.660661	12.617678
0.670671	12.535479
0.680681	12.449436
0.690691	12.359800
0.700701	12.266816
0.710711	12.170726
0.720721	12.071766
0.730731	11.970167
0.740741	11.866153
0.750751	11.759943
0.760761	11.651746
0.770771	11.541767
0.780781	11.430202
0.790791	11.317240
0.800801	11.203062
0.810811	11.087841
0.820821	10.971743
0.830831	10.854925
0.840841	10.737538
0.850851	10.619724
0.860861	10.501618
0.870871	10.383347
0.880881	10.265032
0.890891	10.146786
0.900901	10.028716
0.910911	9.910921
0.920921	9.793493
0.930931	9.676521
0.940941	9.560086
0.950951	9.444261
0.960961	9.329118
0.970971	9.214720
0.980981	9.101126
0.990991	8.988391
1.001001	8.876565
1.011011	8.765692
1.021021	8.655814
1.031031	8.546969
1.041041	8.439189
1.051051	8.332504
1.061061	8.226941
1.071071	8.122523
1.081081	8.019270
1.091091	7.917201
1.101101	7.816330
1.111111	7.716669
1.121121	7.618229
1.131131	7.521017
1.141141	7.425041
1.151151	7.330303
1.161161	7.236807
1.171171	7.144552
1.181181	7.053540
1.191191	6.963766
1.201201	6.875229
1.211211	6.787923
1.221221	6.701843
1.231231	6.616982
1.241241	6.533333
1.251251	6.450888
1.261261	6.369636
1.271271	6.289569
1.281281	6.210676
1.291291	6.132946
1.301301	6.056368
1.311311	5.980929
1.321321	5.906618
1.331331	5.833421
1.341341	5.761326
1.351351	5.690318
1.361361	5.620386
1.371371	5.551515
1.381381	5.483691
1.391391	5.416900
1.401401	5.351128
1.411411	5.286362
1.421421	5.222586
1.431431	5.159786
1.441441	5.097949
1.451451	5.037060
1.461461	4.977105
1.471471	4.918070
1.481481	4.859940
1.491491	4.802701
1.501502	4.746341
1.511512	4.690844
1.521522	4.636197
1.531532	4.582386
1.541542	4.529398
1.551552	4.477220
1.561562	4.425838
1.571572	4.375239
1.581582	4.325410
1.591592	4.276339
1.601602	4.228012
1.611612	4.180418
1.621622	4.133544
1.631632	4.087377
1.641642	4.041907
1.651652	3.997121
1.661662	3.953007
1.671672	3.909554
1.681682	3.866750
1.691692	3.824586
1.701702	3.783049
1.711712	3.742128
1.721722	3.701815
1.731732	3.662096
1.741742	3.622964
1.751752	3.584407
1.761762	3.546415
1.771772	3.508980
1.781782	3.472091
1.791792	3.435738
1.801802	3.399913
1.811812	3.364607
1.821822	3.329810
1.831832	3.295513
1.841842	3.261709
1.851852	3.228389
1.861862	3.195544
1.871872	3.163166
1.881882	3.131248
1.891892	3.099781
1.901902	3.068757
1.911912	3.038169
1.921922	3.008010
1.931932	2.978272
1.941942	2.948949
1.951952	2.920032
1.961962	2.891515
1.971972	2.863392
1.981982	2.835655
1.991992	2.808299
2.002002	2.781316
2.012012	2.754701
2.022022	2.728447
2.032032	2.702548
2.042042	2.676998
2.052052	2.651792
2.062062	2.626924
2.072072	2.602387
2.082082	2.578177
2.092092	2.554289
2.102102	2.530716
2.112112	2.507453
2.122122	2.484497
2.132132	2.461841
2.142142	2.439480
2.152152	2.417410
2.162162	2.395626
2.172172	2.374124
2.182182	2.352898
2.192192	2.331945
2.202202	2.311259
2.212212	2.290837
2.222222	2.270675
2.232232	2.250768
2.242242	2.231111
2.252252	2.211703
2.262262	2.192537
2.272272	2.173610
2.282282	2.154920
2.292292	2.136461
2.302302	2.118230
2.312312	2.100224
2.322322	2.082439
2.332332	2.064871
2.342342	2.047518
2.352352	2.030376
2.362362	2.013442
2.372372	1.996712
2.382382	1.980183
2.392392	1.963853
2.402402	1.947717
2.412412	1.931774
2.422422	1.916021
2.432432	1.900454
2.442442	1.885070
2.452452	1.869867
2.462462	1.854843
2.472472	1.839993
2.482482	1.825317
2.492492	1.810811
2.502503	1.796473
2.512513	1.782299
2.522523	1.768289
2.532533	1.754439
2.542543	1.740747
2.552553	1.727211
2.562563	1.713828
2.572573	1.700596
2.582583	1.687513
2.592593	1.674578
2.602603	1.661786
2.612613	1.649138
2.622623	1.636630
2.632633	1.624260
2.642643	1.612028
2.652653	1.599929
2.662663	1.587964
2.672673	1.576129
2.682683	1.564424
2.692693	1.552845
2.702703	1.541392
2.712713	1.530063
2.722723	1.518855
2.732733	1.507768
2.742743	1.496799
2.752753	1.485947
2.762763	1.475210
2.772773	1.464587
2.782783	1.454077
2.792793	1.443676
2.802803	1.433385
2.812813	1.423202
2.822823	1.413124
2.832833	1.403152
2.842843	1.393282
2.852853	1.383515
2.862863	1.373848
2.872873	1.364280
2.882883	1.354811
2.892893	1.345437
2.902903	1.336159
2.912913	1.326975
2.922923	1.317884
2.932933	1.308885
2.942943	1.299976
2.952953	1.291156
2.962963	1.282424
2.972973	1.273779
2.982983	1.265219
2.992993	1.256745
3.003003	1.248354
3.013013	1.240045
3.023023	1.231818
3.033033	1.223671
3.043043	1.215604
3.053053	1.207615
3.063063	1.199703
3.073073	1.191868
3.083083	1.184108
3.093093	1.176422
3.103103	1.168810
3.113113	1.161271
3.123123	1.153803
3.133133	1.146407
3.143143	1.139080
3.153153	1.131822
3.163163	1.124633
3.173173	1.117511
3.183183	1.110455
3.193193	1.103466
3.203203	1.096541
3.213213	1.089680
3.223223	1.082883
3.233233	1.076148
3.243243	1.069476
3.253253	1.062864
3.263263	1.056313
3.273273	1.049821
3.283283	1.043388
3.293293	1.037014
3.303303	1.030697
3.313313	1.024437
3.323323	1.018234
3.333333	1.012085
3.343343	1.005992
3.353353	0.999953
3.363363	0.993968
3.373373	0.988035
3.383383	0.982155
3.393393	0.976327
3.403403	0.970550
3.413413	0.964823
3.423423	0.959147
3.433433	0.953520
3.443443	0.947941
3.453453	0.942412
3.463463	0.936929
3.473473	0.931495
3.483483	0.926106
3.493493	0.920764
3.503504	0.915468
3.513514	0.910216
3.523524	0.905010
3.533534	0.899847
3.543544	0.894728
3.553554	0.889652
3.563564	0.884619
3.573574	0.879628
3.583584	0.874679
3.593594	0.869771
3.603604	0.864904
3.613614	0.860078
3.623624	0.855291
3.633634	0.850543
3.643644	0.845835
3.653654	0.841166
3.663664	0.836534
3.673674	0.831941
3.683684	0.827385
3.693694	0.822866
3.703704	0.818383
3.713714	0.813937
3.723724	0.809527
3.733734	0.805152
3.743744	0.800812
3.753754	0.796507
3.763764	0.792236
3.773774	0.787999
3.783784	0.783796
3.793794	0.779626
3.803804	0.775489
3.813814	0.771385
3.823824	0.767312
3.833834	0.763272
3.843844	0.759264
3.853854	0.755286
3.863864	0.751340
3.873874	0.747424
3.883884	0.743539
3.893894	0.739683
3.903904	0.735857
3.913914	0.732061
3.923924	0.728294
3.933934	0.724555
3.943944	0.720845
3.953954	0.717164
3.963964	0.713510
3.973974	0.709884
3.983984	0.706285
3.993994	0.702713
4.004004	0.699168
4.014014	0.695650
4.024024	0.692158
4.034034	0.688692
4.044044	0.685252
4.054054	0.681838
4.064064	0.678449
4.074074	0.675085
4.084084	0.671745
4.094094	0.668430
4.104104	0.665140
4.114114	0.661874
4.124124	0.658631
4.134134	0.655412
4.144144	0.652217
4.154154	0.649044
4.164164	0.645895
4.174174	0.642768
4.184184	0.639664
4.194194	0.636583
4.204204	0.633523
4.214214	0.630485
4.224224	0.627469
4.234234	0.624474
4.244244	0.621501
4.254254	0.618548
4.264264	0.615617
4.274274	0.612706
4.284284	0.609816
4.294294	0.606946
4.304304	0.604096
4.314314	0.601266
4.324324	0.598455
4.334334	0.595665
4.344344	0.592893
4.354354	0.590141
4.364364	0.587408
4.374374	0.584694
4.384384	0.581998
4.394394	0.579321
4.404404	0.576662
4.414414	0.574022
4.424424	0.571399
4.434434	0.568794
4.444444	0.566207
4.454454	0.563638
4.464464	0.561086
4.474474	0.558551
4.484484	0.556033
4.494494	0.553532
4.504505	0.551047
4.514515	0.548580
4.524525	0.546129
4.534535	0.543694
4.544545	0.541275
4.554555	0.538872
4.564565	0.536486
4.574575	0.534115
4.584585	0.531759
4.594595	0.529419
4.604605	0.527095
4.614615	0.524785
4.624625	0.522491
4.634635	0.520212
4.644645	0.517947
4.654655	0.515697
4.664665	0.513462
4.674675	0.511241
4.684685	0.509035
4.694695	0.506842
4.704705	0.504664
4.714715	0.502500
4.724725	0.500349
4.734735	0.498213
4.744745	0.496090
4.754755	0.493980
4.764765	0.491884
4.774775	0.489801
4.784785	0.487731
4.794795	0.485674
4.804805	0.483630
4.814815	0.481599
4.824825	0.479581
4.834835	0.477575
4.844845	0.475582
4.854855	0.473601
4.864865	0.471632
4.874875	0.469676
4.884885	0.467732
4.894895	0.465800
4.904905	0.463879
4.914915	0.461971
4.924925	0.460074
4.934935	0.458189
4.944945	0.456315
4.954955	0.454453
4.964965	0.452602
4.974975	0.450763
4.984985	0.448934
4.994995	0.447117
5.005005	0.445310
5.015015	0.443515
5.025025	0.441730
5.035035	0.439956
5.045045	0.438193
5.055055	0.436440
5.065065	0.434697
5.075075	0.432965
5.085085	0.431244
5.095095	0.429532
5.105105	0.427831
5.115115	0.426139
5.125125	0.424458
5.135135	0.422787
5.145145	0.421125
5.155155	0.419473
5.165165	0.417831
5.175175	0.416198
5.185185	0.414575
5.195195	0.412962
5.205205	0.411357
5.215215	0.409762
5.225225	0.408177
5.235235	0.406600
5.245245	0.405032
5.255255	0.403474
5.265265	0.401924
5.275275	0.400384
5.285285	0.398852
5.295295	0.397329
5.305305	0.395815
5.315315	0.394309
5.325325	0.392812
5.335335	0.391323
5.345345	0.389842
5.355355	0.388371
5.365365	0.386907
5.375375	0.385451
5.385385	0.384004
5.395395	0.382565
5.405405	0.381134
5.415415	0.379711
5.425425	0.378296
5.435435	0.376888
5.445445	0.375489
5.455455	0.374097
5.465465	0.372713
5.475475	0.371337
5.485485	0.369968
5.495495	0.368607
5.505506	0.367253
5.515516	0.365907
5.525526	0.364568
5.535536	0.363236
5.545546	0.361912
5.555556	0.360595
5.565566	0.359285
5.575576	0.357982
5.585586	0.356686
5.595596	0.355397
5.605606	0.354115
5.615616	0.352840
5.625626	0.351572
5.635636	0.350311
5.645646	0.349056
5.655656	0.347808
5.665666	0.346567
5.675676	0.345333
5.685686	0.344105
5.695696	0.342883
5.705706	0.341668
5.715716	0.340460
5.725726	0.339257
5.735736	0.338062
5.745746	0.336872
5.755756	0.335689
5.765766	0.334512
5.775776	0.333341
5.785786	0.332176
5.795796	0.331017
5.805806	0.329865
5.815816	0.328718
5.825826	0.327577
5.835836	0.326442
5.845846	0.325313
5.855856	0.324190
5.865866	0.323073
5.875876	0.321962
5.885886	0.320856
5.895896	0.319756
5.905906	0.318661
5.915916	0.317572
5.925926	0.316489
5.935936	0.315411
5.945946	0.314338
5.955956	0.313272
5.965966	0.312210
5.975976	0.311154
5.985986	0.310103
5.995996	0.309058
6.006006	0.308017
6.016016	0.306982
6.026026	0.305953
6.036036	0.304928
6.046046	0.303909
6.056056	0.302894
6.066066	0.301885
6.076076	0.300881
6.086086	0.299881
6.096096	0.298887
6.106106	0.297897
6.116116	0.296913
6.126126	0.295933
6.136136	0.294958
6.146146	0.293988
6.156156	0.293023
6.166166	0.292063
6.176176	0.291107
6.186186	0.290156
6.196196	0.289209
6.206206	0.288267
6.216216	0.287330
6.226226	0.286397
6.236236	0.285469
6.246246	0.284545
6.256256	0.283626
6.266266	0.282711
6.276276	0.281801
6.286286	0.280895
6.296296	0.279993
6.306306	0.279096
6.316316	0.278203
6.326326	0.277314
6.336336	0.276429
6.346346	0.275549
6.356356	0.274673
6.366366	0.273801
6.376376	0.272933
6.386386	0.272069
6.396396	0.271210
6.406406	0.270354
6.416416	0.269503
6.426426	0.268655
6.436436	0.267812
6.446446	0.266972
6.456456	0.266136
6.466466	0.265305
6.476476	0.264477
6.486486	0.263653
6.496496	0.262833
6.506507	0.262016
6.516517	0.261204
6.526527	0.260395
6.536537	0.259590
6.546547	0.258789
6.556557	0.257991
6.566567	0.257197
6.576577	0.256407
6.586587	0.255620
6.596597	0.254837
6.606607	0.254058
6.616617	0.253282
6.626627	0.252510
6.636637	0.251741
6.646647	0.250976
6.656657	0.250214
6.666667	0.249455
6.676677	0.248700
6.686687	0.247949
6.696697	0.247201
6.706707	0.246456
6.716717	0.245715
6.726727	0.244977
6.736737	0.244242
6.746747	0.243510
6.756757	0.242782
6.766767	0.242057
6.776777	0.241336
6.786787	0.240617
6.796797	0.239902
6.806807	0.239190
6.816817	0.238481
6.826827	0.237775
6.836837	0.237072
6.846847	0.236373
6.856857	0.235676
6.866867	0.234983
6.876877	0.234293
6.886887	0.233605
6.896897	0.232921
6.906907	0.232240
6.916917	0.231561
6.926927	0.230886
6.936937	0.230214
6.946947	0.229544
6.956957	0.228878
6.966967	0.228214
6.976977	0.227553
6.986987	0.226895
6.996997	0.226240
7.007007	0.225588
7.017017	0.224939
7.027027	0.224292
7.037037	0.223648
7.047047	0.223007
7.057057	0.222369
7.067067	0.221733
7.077077	0.221100
7.087087	0.220470
7.097097	0.219842
7.107107	0.219218
7.117117	0.218595
7.127127	0.217976
7.137137	0.217359
7.147147	0.216745
7.157157	0.216133
7.167167	0.215524
7.177177	0.214917
7.187187	0.214313
7.197197	0.213712
7.207207	0.213113
7.217217	0.212517
7.227227	0.211923
7.237237	0.211331
7.247247	0.210742
7.257257	0.210156
7.267267	0.209572
7.277277	0.208990
7.287287	0.208411
7.297297	0.207834
7.307307	0.207259
7.317317	0.206687
7.327327	0.206118
7.337337	0.205550
7.347347	0.204985
7.357357	0.204423
7.367367	0.203862
7.377377	0.203304
7.387387	0.202748
7.397397	0.202195
7.407407	0.201644
7.417417	0.201095
7.427427	0.200548
7.437437	0.200003
7.447447	0.199461
7.457457	0.198921
7.467467	0.198383
7.477477	0.197847
7.487487	0.197314
7.497497	0.196782
7.507508	0.196253
7.517518	0.195726
7.527528	0.195201
7.537538	0.194678
7.547548	0.194157
7.557558	0.193638
7.567568	0.193121
7.577578	0.192607
7.587588	0.192094
7.597598	0.191584
7.607608	0.191075
7.617618	0.190569
7.627628	0.190064
7.637638	0.189562
7.647648	0.189061
7.657658	0.188563
7.667668	0.188066
7.677678	0.187571
7.687688	0.187079
7.697698	0.186588
7.707708	0.186099
7.717718	0.185612
7.727728	0.185127
7.737738	0.184644
7.747748	0.184163
7.757758	0.183684
7.767768	0.183206
7.777778	0.182731
7.787788	0.182257
7.797798	0.181785
7.807808	0.181315
7.817818	0.180847
7.827828	0.180381
7.837838	0.179916
7.847848	0.179453
7.857858	0.178992
7.867868	0.178533
7.877878	0.178075
7.887888	0.177619
7.897898	0.177165
7.907908	0.176713
7.917918	0.176263
7.927928	0.175814
7.937938	0.175367
7.947948	0.174921
7.957958	0.174477
7.967968	0.174035
7.977978	0.173595
7.987988	0.173156
7.997998	0.172719
8.008008	0.172284
8.018018	0.171850
8.028028	0.171418
8.038038	0.170988
8.048048	0.170559
8.058058	0.170131
8.068068	0.169706
8.078078	0.169282
8.088088	0.168859
8.098098	0.168438
8.108108	0.168019
8.118118	0.167601
8.128128	0.167185
8.138138	0.166770
8.148148	0.166357
8.158158	0.165946
8.168168	0.165536
8.178178	0.165127
8.188188	0.164720
8.198198	0.164314
8.208208	0.163910
8.218218	0.163508
8.228228	0.163107
8.238238	0.162707
8.248248	0.162309
8.258258	0.161912
8.268268	0.161517
8.278278	0.161123
8.288288	0.160731
8.298298	0.160340
8.308308	0.159950
8.318318	0.159562
8.328328	0.159176
8.338338	0.158790
8.348348	0.158407
8.358358	0.158024
8.368368	0.157643
8.378378	0.157263
8.388388	0.156885
8.398398	0.156508
8.408408	0.156132
8.418418	0.155758
8.428428	0.155385
8.438438	0.155013
8.448448	0.154643
8.458458	0.154274
8.468468	0.153907
8.478478	0.153540
8.488488	0.153175
8.498498	0.152812
8.508509	0.152449
8.518519	0.152088
8.528529	0.151728
8.538539	0.151370
8.548549	0.151012
8.558559	0.150656
8.568569	0.150301
8.578579	0.149948
8.588589	0.149596
8.598599	0.149244
8.608609	0.148895
8.618619	0.148546
8.628629	0.148199
8.638639	0.147852
8.648649	0.147508
8.658659	0.147164
8.668669	0.146821
8.678679	0.146480
8.688689	0.146140
8.698699	0.145801
8.708709	0.145463
8.718719	0.145126
8.728729	0.144791
8.738739	0.144457
8.748749	0.144123
8.758759	0.143791
8.768769	0.143461
8.778779	0.143131
8.788789	0.142802
8.798799	0.142475
8.808809	0.142148
8.818819	0.141823
8.828829	0.141499
8.838839	0.141176
8.848849	0.140854
8.858859	0.140534
8.868869	0.140214
8.878879	0.139895
8.888889	0.139578
8.898899	0.139261
8.908909	0.138946
8.918919	0.138632
8.928929	0.138318
8.938939	0.138006
8.948949	0.137695
8.958959	0.137385
8.968969	0.137076
8.978979	0.136768
8.988989	0.136461
8.998999	0.136155
9.009009	0.135850
9.019019	0.135546
9.029029	0.135244
9.039039	0.134942
9.049049	0.134641
9.059059	0.134341
9.069069	0.134042
9.079079	0.133745
9.089089	0.133448
9.099099	0.133152
9.109109	0.132857
9.119119	0.132563
9.129129	0.132270
9.139139	0.131978
9.149149	0.131687
9.159159	0.131397
9.169169	0.131108
9.179179	0.130820
9.189189	0.130533
9.199199	0.130247
9.209209	0.129961
9.219219	0.129677
9.229229	0.129394
9.239239	0.129111
9.249249	0.128830
9.259259	0.128549
9.269269	0.128269
9.279279	0.127991
9.289289	0.127713
9.299299	0.127436
9.309309	0.127159
9.319319	0.126884
9.329329	0.126610
9.339339	0.126337
9.349349	0.126064
9.359359	0.125792
9.369369	0.125522
9.379379	0.125252
9.389389	0.124983
9.399399	0.124714
9.409409	0.124447
9.419419	0.124181
9.429429	0.123915
9.439439	0.123650
9.449449	0.123386
9.459459	0.123123
9.469469	0.122861
9.479479	0.122600
9.489489	0.122339
9.499499	0.122079
9.509510	0.121821
9.519520	0.121563
9.529530	0.121305
9.539540	0.121049
9.549550	0.120793
9.559560	0.120538
9.569570	0.120284
9.579580	0.120031
9.589590	0.119779
9.599600	0.119527
9.609610	0.119276
9.619620	0.119026
9.629630	0.118777
9.639640	0.118529
9.649650	0.118281
9.659660	0.118034
9.669670	0.117788
9.679680	0.117542
9.689690	0.117298
9.699700	0.117054
9.709710	0.116811
9.719720	0.116568
9.729730	0.116327
9.739740	0.116086
9.749750	0.115846
9.759760	0.115607
9.769770	0.115368
9.779780	0.115130
9.789790	0.114893
9.799800	0.114657
9.809810	0.114421
9.819820	0.114186
9.829830	0.113952
9.839840	0.113718
9.849850	0.113486
9.859860	0.113253
9.869870	0.113022
9.879880	0.112791
9.889890	0.112561
9.899900	0.112332
9.909910	0.112104
9.919920	0.111876
9.929930	0.111649
9.939940	0.111422
9.949950	0.111196
9.959960	0.110971
9.969970	0.110747
9.979980	0.110523
9.989990	0.110300
10.000000	0.110078